2	0.00012749147448406004 0.01302600687420514720 0.18587845967783503398 0.04116132687183472749 0.04180241145862968050 0.03112293721367152821 0.05764955074449683303 0.02265189167447210702 0.01875587434657995795 0.04774812890499501722 0.09240378487127524909 0.01324840465503315627 0.16995304571153291295 0.01914993965309937790 0.03959331974247878860 0.03003780860982155701 0.00536255778600768212 0.06349250086042511343 0.01251929103293376866 0.01079330781227205716 0.00537159755602012023 0.05445817076044452004 0.00796543679733900320 0.01190142488515712367 0.00382533002495602428
1	0.00000001778493489764 0.18610731872377031526 0.01656671699484119770 0.05887279340809449535 0.10487068443177460786 0.06081682475523206288 0.03598438251632141843 0.03608678123181003478 0.09497668092986381871 0.06787333278951365734 0.01833885001017494451 0.10979589762163242950 0.00978922411072132015 0.03329419402982826404 0.02961612688988048830 0.02056606479942533344 0.00233609061421252836 0.04191040972965802414 0.01531720692230943356 0.01052145229217041171 0.00446502265900121376 0.01415739654627890844 0.01532749905868610249 0.01006522873280719932 0.00234380241706113159
1	0.03617803550740066737 0.54250419343164690833 0.00129434954222912312 0.02776184169012713837 0.05803051037978244897 0.04393016622534184901 0.03526953778125926919 0.05145690926060907111 0.02837397675327116287 0.00902084529843452491 0.01187936149037976431 0.00468866395517688033 0.03492439324410399198 0.00578395359146057809 0.02442750965376246780 0.01223052701980757197 0.00611319715420251871 0.00239909948665936647 0.03351786185747120811 0.01019314849954823000 0.00151372118446687666 0.00873195227419843768 0.00417985016358044578 0.00453380800655614567 0.00106258654852359712
2	0.00000000634923817620 0.02227604110662024725 0.48716172047859929162 0.04406352995642479758 0.03042661082028105118 0.07378119428685621373 0.01745369407681256549 0.01750085392780479157 0.02467214008439663417 0.02970658041859178949 0.01317469602401561378 0.07077803663219894847 0.01252522535394834380 0.03622523490473164576 0.01654269468193554291 0.01273796467410317351 0.00165553075886261435 0.04652929546788488885 0.01000568457591325192 0.00423267190875881855 0.00283663493446218102 0.00841547221111640931 0.00815434904876554886 0.00746794612499959969 0.00167619119267434918
1	0.10234616306242041994 0.24982884500254592952 0.00196508176944768615 0.05537596247212572820 0.03672395139180190116 0.05502061858615479861 0.03847938325617735605 0.04040374496691699624 0.01287893436790234040 0.02139900416285815676 0.02578641580825458135 0.04354320184402125926 0.04039963534531484241 0.01438295734131172718 0.03834870991074375290 0.04673715671858201526 0.03918561170341701427 0.00160766707844654517 0.02892512622990673493 0.03522060317992872086 0.00345457238212760250 0.01997465334121962394 0.00661357194295009686 0.03991139772123333124 0.00148703041419061938
8	0.00027171159536942282 0.09410259010477271813 0.02814629007952592146 0.06503830860495886379 0.05371714446823321748 0.11411922677764087253 0.04156034128214206036 0.04142325468906667835 0.12395264452657898946 0.04086561044636406737 0.02630741386223934067 0.03379104234307894750 0.06348711002503183709 0.04807435746006121641 0.03829987395745015205 0.02804322879269600596 0.00429401382399828210 0.06514243181143851424 0.01166462005097446478 0.01529773372047133276 0.00439721644539630644 0.01957215747086670996 0.02295142372497757308 0.01087077229422872549 0.00460948164243763728
2	0.00050412931332551286 0.02917123252742532050 0.09868695679731954995 0.06168545097768012714 0.06617815422002856773 0.04198296630938780361 0.04215647698237184882 0.02902366420376037773 0.04831444047721046575 0.05611919583013661589 0.09784256334592053572 0.01988060651085042305 0.08695917107782295818 0.02249607909575905215 0.05303763932398240094 0.04335027750041910155 0.00798124789115710331 0.07936611827708377198 0.01721422352807329414 0.01534253056582009223 0.00720885993788171302 0.04327918155394060162 0.01013563756167533240 0.01670450529984613894 0.00537869089112044587
8	0.00048920787014364818 0.07354328193876516484 0.02340293331284771378 0.03279912186088529413 0.07977902120380084283 0.05207006754465786508 0.06865836924023514809 0.09357244682559906490 0.16265774900502222300 0.02621013112058781860 0.02732351049857730668 0.07211970962310117195 0.04387188494914456144 0.04499257150669751237 0.02863327036061219175 0.02838586751481339196 0.00593030349210247471 0.03299456138608508615 0.02065757407649077351 0.02920720683040387358 0.00433305436765382430 0.02152877440723287294 0.01092334959626044960 0.01184171878499964796 0.00407431268327930127
9	0.00109963492396145069 0.03711665222431431016 0.06724183140180876872 0.08122113301526467932 0.05888004865446785918 0.05426934438160965074 0.04519572480378322710 0.03961871036117385614 0.03609674224637197254 0.08875666058187255125 0.04939616990639602440 0.02050795685007105254 0.07563149313172971844 0.02640062655120003002 0.06710568785168020967 0.05064801183608989843 0.00746925538591188595 0.07747484822674730043 0.01849753253212241960 0.02281613516059504895 0.00741049846468357348 0.03630470456335180285 0.01001032097631079053 0.01563308880028775952 0.00519718716819495344
17	0.00000000338670607092 0.12954212161943748360 0.00225936371722043616 0.02591163735412996272 0.09038599139567872476 0.07526735980164846185 0.01981202287419349395 0.02226087109593592045 0.03549234898398036936 0.11092012120679667353 0.01249692847576048919 0.12353049801733870239 0.03892780579530627505 0.03686386164149289130 0.01801402593011584841 0.02972165683172680803 0.00225528370315990212 0.16186136428687597499 0.01737565733531145143 0.00549029599549562698 0.00408137380741865376 0.01166360708118461750 0.01032275304313092640 0.01324563147210512486 0.00229741514785397269
17	0.00000002851991311264 0.07478446398818291985 0.01485446507496384141 0.06396362589103088414 0.07182930936870075833 0.07076421552920754421 0.04112045693360168175 0.03939747444064053972 0.07132540943552773127 0.06668588447582535217 0.02798977273560246046 0.11187575368998881054 0.02226574139246443110 0.03679726863827102040 0.02724331925952549333 0.05093514334194892967 0.00347429903601763086 0.11761763945693971822 0.01948302224218830328 0.00886120733942055705 0.00556406467598444688 0.01809451563328940207 0.01464511634409751233 0.01709192260165915897 0.00333587995500752178
3	0.00043706750675585844 0.04532792827970617833 0.06570319275066072162 0.09377245109488889507 0.08242900769239283609 0.03406157950373563809 0.04277774785770847160 0.03667229246918966845 0.03315271738550622238 0.04957156210768470100 0.08696195886162293165 0.02170349205535444109 0.08528801556171529408 0.02071394723383209596 0.05585513045849727770 0.03632386264292112449 0.00738751419292099469 0.07731857528526125956 0.01561491775893268305 0.01697981535546692206 0.00858371740639347555 0.05047490105925098863 0.01222892587784553224 0.01541307451866395610 0.00524660508309068938
4	0.04563226838173769367 0.05431065672099358310 0.00370557796766106699 0.10601654190046122528 0.14262617208359970600 0.07017836641785708818 0.07575966059895419824 0.12278713964150939075 0.04480904272058453680 0.02751890288231220033 0.01741123657714997719 0.00834529850958504182 0.08048561550233386541 0.00872306701164803425 0.03424402311378870606 0.02902702741006911100 0.01276783892793645347 0.00525940334606569016 0.05313862827466884348 0.01862568171875256945 0.00300784034895455570 0.01503142581230924348 0.00876876859682013468 0.00961211978646424152 0.00220769574778198214
17	0.00034898185263794332 0.01334317472828680864 0.04360150974500832943 0.06170177161532180293 0.04145960387753961501 0.02225321949483645423 0.02352624783459764113 0.03548587405029156316 0.13998473963009561150 0.04249113492174209916 0.03786586752210210904 0.01029704206656933616 0.05820806856406189611 0.01548726641713635624 0.11020359288413075771 0.02742110944465221689 0.00584104347754208462 0.21307962905041075152 0.01275079883225028847 0.01387460918506551455 0.00670883981516213340 0.03877090499260727602 0.00743041221749072504 0.01371618737606642227 0.00414837040439404794
10	0.00034284961937066191 0.04515338509610587053 0.04265741097875917071 0.07341225157063428763 0.05479764171193789168 0.06046739072950071958 0.06333037090417650838 0.03518800278145477189 0.02533553412719891790 0.05963447225016981629 0.07993688794588692248 0.02997708751317710099 0.06334644540016283465 0.02653986775180349617 0.06358518363856856259 0.05993797128661412787 0.00965722276860577974 0.02275578764439134538 0.01575075698899686127 0.04872390156288054081 0.00715485632433878523 0.05431295672360895305 0.01039727601867565000 0.04400609862839003489 0.00359839003458974288
0	0.18429030160617113077 0.11384410309036155362 0.00289295468966062558 0.08118542538974578282 0.13426566170387768673 0.05489039987804279069 0.04513299813943981442 0.05218800478261150649 0.02765086681539675670 0.02395546367209717281 0.02447948389206168820 0.02553341781992773604 0.02583979598534108524 0.01188434406983542371 0.05970726660219934784 0.02289899383090522600 0.01018265055510294073 0.00458297330444781131 0.02853312166778774681 0.02202996343938764742 0.00431689645248091447 0.01878214116757071644 0.01007926018730141877 0.00877838820463837551 0.00207512305360782728
17	0.00361543656468885305 0.03002121484559810288 0.01589147260832644154 0.03360897761590810745 0.03985265499482146256 0.05382563489914483912 0.02737282770104917939 0.02317069286930369121 0.02468823258962591846 0.06594228556848498457 0.03605698995915536387 0.01206776404623132425 0.03378615168219112341 0.02949658610604547621 0.02899415281102633163 0.04240124813389017228 0.00647373210935121412 0.40050862505764078803 0.01245111586439602916 0.01035721859366777256 0.00484226548565641797 0.03924831029327509324 0.00780618298189612002 0.01317955667698672215 0.00434066994163773406
9	0.00000000207541727903 0.00992843385598994252 0.00130434335910355583 0.01394764146229023234 0.03573193518671188840 0.03385028017860884642 0.01063820602912117150 0.00926965267726986147 0.01648213859564009662 0.64980036709336352896 0.00618068768936514117 0.05211394618510861027 0.01499375837596575098 0.01860207839594177348 0.00684473603434775178 0.01671459951097034949 0.00117859788680282017 0.07289803451396231759 0.00647474704855882741 0.00279036978571520862 0.00209700948145915417 0.00571750547830366350 0.00553126990601128087 0.00577319452992596654 0.00113646466404638798
12	0.00017203277300112572 0.02043122473573225073 0.08659678490434107034 0.06725706369586288702 0.04284433001427619125 0.03292282555789125681 0.04693562389246871275 0.02536153071297515132 0.02667441739676843643 0.05584144272797586517 0.04967752127253444866 0.02141466091967783245 0.17114300682726943381 0.02666421471931472442 0.03848909423403566732 0.04759208113278992625 0.00728573377693595130 0.13001579874473870313 0.01656108751808591656 0.01371863430471078997 0.00614964078042902398 0.03542576581411610581 0.00955200921341611831 0.01663245755220177716 0.00464101677845408893
2	0.00031553672783247934 0.04530878432480299478 0.12496423805462116008 0.08903540543882913771 0.05073346233347388740 0.04757968956600092808 0.04006910873791662969 0.02714398134741447324 0.04613992475074814997 0.06822004113706064965 0.04775512247321801740 0.01612575965075653886 0.06921028722641964226 0.02802301188929477369 0.05033159909960138734 0.04432485825504153820 0.00723749401892254118 0.08108787210745430074 0.01800351903421281916 0.01437416780079576149 0.00660067575339100699 0.04488532080930535823 0.00956633191047118192 0.01799971041680166126 0.00496409713561135873
4	0.00051643879059580977 0.02282317622383931571 0.05528435510776345818 0.10794433826765760520 0.17075659013162000632 0.04170215309080065741 0.03698686043948458402 0.03055150218268087511 0.02695879149233025227 0.09608156134893292011 0.04115823428556362323 0.01589848205424104072 0.07235124416048620277 0.02061277805520528306 0.04504242652102673911 0.03393815664080630790 0.00664286654762871569 0.05953379059668650886 0.02379434591529191664 0.01314294953244344449 0.00613084677617557142 0.03890139241693594402 0.00890943679749923827 0.01971322057592376012 0.00462406204838002304
4	0.03932268885416717596 0.07087793990909983799 0.00155106983737265253 0.08260404141884787610 0.26144748936277584228 0.08515999846145815011 0.08572039806640681381 0.06809332402957654629 0.03841819272929087453 0.01282782485628776448 0.02109453266642097313 0.00847044813787522707 0.02852424367697297194 0.00706888232617391456 0.03835824420624574932 0.02683027590005701221 0.01042032270375838586 0.00113597121130187915 0.02599959220465911797 0.04419175856018192627 0.00233104357129323937 0.01522889076742684790 0.00579299790830512668 0.01743743464188524453 0.00109239399215929536
0	0.12365090334618375478 0.04948720113217498773 0.00227147107259589691 0.11323694026202975327 0.08471938437307294234 0.05914787989712576299 0.05922042262686465913 0.07296915916712753969 0.02710584796086044565 0.01903619926665052475 0.02532389498919968354 0.01841078992663096325 0.03384872930955443171 0.01346676913193445638 0.06894384616091434048 0.04256491469855067794 0.01757230663469879980 0.00864858045018363636 0.02999207159676297099 0.05358152912232432702 0.00388824911227115058 0.03015541362369681885 0.00823982239575337533 0.03271148441031262316 0.00180618933252607019
1	0.00008462102702831264 0.17707372499412588063 0.02558569051257142055 0.04539334274036854744 0.04405766673684653745 0.04151780602590383895 0.04831309207961877877 0.02617881746323580394 0.03062079727555598943 0.03077078617659313037 0.09883913117295979600 0.01381118796077821648 0.06442934038875276770 0.01743899096537992327 0.15158826664636099180 0.02949310055049865487 0.00595436721335071851 0.03888399837687990523 0.01608163485726644970 0.02242367922583556744 0.00693668471533406394 0.03809658472483961472 0.00861120858239597560 0.01273162279151961174 0.00508385679600224186
2	0.00000073293979364323 0.00024970055951640451 0.99630032231562082323 0.00038820941392057477 0.00022045493347802315 0.00015343992569953399 0.00017550941831620220 0.00016180413277260968 0.00015860213940466656 0.00022906864234222173 0.00021397231479179315 0.00007633963443287833 0.00039701505939226343 0.00009723851058654366 0.00016843891569350426 0.00017354667417244984 0.00003169962275606158 0.00033274473663584114 0.00007654166246742815 0.00007085875920913076 0.00003452165904131767 0.00014546563792087880 0.00004604777279245430 0.00007310824581974166 0.00002461637342623022
1	0.00000014674490484189 0.18259016509189093802 0.01138842037987739496 0.04814337187109223731 0.07912590624568802133 0.12769003393667074930 0.03136329120913795843 0.02451180192864180554 0.13997474860427730481 0.07945919966835081338 0.01544280483062132267 0.04883102074187116448 0.02229418026103366715 0.04411739120661490460 0.01788157335392469641 0.02527539477590077382 0.00305043061319437269 0.03587417042953345431 0.01194536752682319979 0.00587433780214963522 0.00397344587177813832 0.01810589205508247174 0.01225146942694170689 0.00767192801103221741 0.00316350741296414929
8	0.00230169243980240818 0.06673783271401979855 0.00969736986368240940 0.02723814416471919200 0.11249294179803699667 0.06249397728031261950 0.03632186119481316255 0.03957703103804315753 0.25348932748368352419 0.05996591650743324231 0.01492794383257900828 0.03904913522967212725 0.04128691027282976184 0.04810453033560298935 0.02004754043059707794 0.03643544519406208271 0.00594596647120064666 0.04059617390680880789 0.01325751863387363699 0.01535410548133055511 0.00383276594958569753 0.02573456442994061233 0.00898259870566565227 0.01212386201473373420 0.00400484462696875515
15	0.00059186967330966721 0.05946495595634439940 0.01219537266255075678 0.09306858145223674550 0.07570343017990072143 0.05511497627785752473 0.06765475048871814889 0.03156076130311214617 0.04314121832675697071 0.05660230940998667304 0.07206589044434251468 0.05098189515140395811 0.06186185799228489240 0.02485231323454903385 0.06329726528712374678 0.09733044999667643526 0.00580170762550473451 0.03513200903006432479 0.01340502332333968517 0.02039525273187874771 0.00585854220251635395 0.02798603267254777538 0.00827696595656615859 0.01226979718130629879 0.00538677143911986053
17	0.00000000542050369965 0.02546755702656961287 0.00291802336724265822 0.02589477689114675144 0.07828455169183239082 0.07231364475713754347 0.03225029320855905129 0.02919811053011830970 0.07740836517489090018 0.12512459664196359799 0.01382327764906909201 0.12149108479242963499 0.04241041421814875645 0.05021351579735365556 0.02115914068137524431 0.03302863874792359711 0.00275446719079555386 0.18243196888875823358 0.01483991628091390659 0.00644092297788764930 0.00454732692504761227 0.01273949297753221473 0.01114025583460905716 0.01165337458629700160 0.00246627774189444844
0	0.89395743819674222674 0.01976623571292953838 0.00017801515460191347 0.00478705169452149377 0.01260571304533383841 0.01887980729680975925 0.00531327072289116721 0.00430313529445824818 0.00342809735025812867 0.00499676245107077369 0.00128977205066828056 0.00182925463127859731 0.00275207218796080528 0.00284533754976759113 0.00393549560921833009 0.00531698109807681504 0.00221050676404050545 0.00045885572547030794 0.00363279560408585065 0.00142734929662503124 0.00033987161613668231 0.00381774975126350545 0.00082343837093967775 0.00078538333448877030 0.00031960949036241132
0	0.33798048191338897484 0.03742685452722898515 0.00172285640503611688 0.06217863778288674342 0.06463153519521859514 0.04815050948496377853 0.04591010271051246955 0.05946948984884149747 0.02092939418627265402 0.01469460728458281927 0.01969735145631119205 0.01577882233212240040 0.02615855762833803333 0.01052528630212001132 0.05596766731855039312 0.03309489797241086523 0.01378708243738889158 0.00666591883636261876 0.02349094122971509893 0.04197749265243891359 0.00305495698207972326 0.02360045512317135788 0.00602494016265739916 0.02566113928559593874 0.00142002094180445639
15	0.00057467012591874884 0.05206564871029755598 0.01106408491518062753 0.09576386056533951752 0.07332652833343326904 0.07053030018035402748 0.05457207454150361792 0.03284730447764298844 0.04037451923310515084 0.04766797637223270379 0.07088805478849272146 0.05048378738849340630 0.05478684788727236632 0.02586244396940826432 0.06520688566068630343 0.10442072770068819287 0.00581652613941354563 0.04893961123031668331 0.01340394971365384269 0.02046381898505538963 0.00610119536398078498 0.02790986499516797531 0.00830703270294158060 0.01320769594640471348 0.00541459007301597298
17	0.00003888524692794628 0.00661538168033208585 0.00551930153401071922 0.01440456948050191852 0.03674130138035889420 0.03519450445306495506 0.01843431717531934105 0.01133653350462260692 0.01106332127697991045 0.09767978745651262340 0.01524461282022256635 0.11402779463537769666 0.18920555336182690032 0.04080356025812715420 0.02400739997178815907 0.03989422200724350442 0.00412498880474054461 0.27029429287622852573 0.01029766607984606078 0.00749566734847827501 0.00424090839047950186 0.02036750211640617550 0.00614464309556969623 0.01391567324766188572 0.00290761179737124981
12	0.00042750273474556643 0.02419955458201307127 0.07749589297755950235 0.08978114681334253833 0.06762013890220426593 0.04502573812273556048 0.06314962191593682939 0.02483266295868991405 0.02902838498816343385 0.11764466479650560748 0.04134491574295910687 0.01572654786726404574 0.11979423200855504605 0.03055115416276286966 0.04944211461200698904 0.03615600440256619419 0.00693600513775958789 0.05882818894362203122 0.01645995065597813042 0.01307329631697638599 0.00614585229300309861 0.03702166706457536011 0.00924480340661274803 0.01542841586869200636 0.00464154272476920496
9	0.00260390095852307529 0.06188151214007712314 0.04676081298825528199 0.05561109112598309340 0.08418491700220875895 0.08030116341413802428 0.05434498721286136480 0.02867002272865856391 0.04310200907375345142 0.08696499967191430314 0.04303452305751531703 0.02035170739768354942 0.05554474226812695925 0.03379438893652716297 0.05325919055975929239 0.05394314306688474669 0.00974964987291125455 0.05928806623151270522 0.01708875876536945781 0.01528830737980524726 0.00656489140217538913 0.05615463641518600446 0.01105914295198911698 0.01466070855367932087 0.00579272682450161173
4	0.00033973831276381102 0.05079990657971049373 0.07136486236241572356 0.07798852126059664658 0.09812832689039549527 0.05369025738761974698 0.05236130062621193598 0.03679592264190480883 0.04569947481679129814 0.07058561574602380262 0.04524329371788898824 0.02842432949040899631 0.03940090670770113324 0.02847083730794636169 0.07784951022039829360 0.03214592287635708451 0.00642086018463915598 0.07097975401953350583 0.01708441591991775865 0.02288368788927806763 0.00694027867776478378 0.03564506565309984859 0.01154293882477618396 0.01468855585267393564 0.00452571603318201177
3	0.00051269980669491587 0.05592797958678653175 0.01118308068726125461 0.20594259169998535564 0.09677035522067731210 0.05018847086194170443 0.05103568520307753126 0.03813739457745232014 0.03491028824786578805 0.04972782012113066002 0.04952041064211813032 0.04369062470587805475 0.05987644150438063695 0.02064240233610524847 0.04585060296912646383 0.06696504267473060712 0.00570693349415926296 0.02581626062515084141 0.01536552071017551618 0.01744087068707208393 0.00507847700858396912 0.02519695278259587862 0.00647153957209453939 0.01251620570897364094 0.00552534856598180506
1	0.00016710622896917680 0.22445843907128174011 0.01878770347438667859 0.06230531081461436471 0.04994786948693608064 0.02472181798957200777 0.03712010849483358965 0.01975751803078350938 0.02463148075112573179 0.01973425562015353185 0.11433681196500021515 0.01094885736972161031 0.05599339489370987188 0.01257768934493149089 0.16545026671865553647 0.02359252954572937586 0.00492379548290986478 0.02953269002411078314 0.01177151160986928714 0.02149360631524467255 0.00757685565620871710 0.03674118009341757751 0.00858431346094819768 0.01045957667423719553 0.00438531088264930338
1	0.00000001443831466985 0.16066454211683472986 0.01504280430422984434 0.06669563471604603166 0.08954776124579630348 0.10345517057572009567 0.04819168272220059751 0.03404632589794864134 0.09324042242669589031 0.06626790757694769884 0.01876249523389325949 0.08424523570959628616 0.00869572785012362806 0.03097701906282903858 0.02569793385548347492 0.02029335359652509677 0.00222625019895806436 0.05209432952614146545 0.01913591308797015639 0.00979463359742495376 0.00432452070609471405 0.01247991765661432030 0.02150943944111561798 0.01015138925947014006 0.00245957519702119307
17	0.00038165115807105022 0.02848744834657983976 0.01443525765385507593 0.04696916882147678801 0.05680960546957404544 0.05523889839588724815 0.04831664489841801247 0.03547290393286761656 0.01732483743001556747 0.04908417243606535973 0.07925643317013487954 0.02161430868756910803 0.04109076065121636256 0.02944360005369108663 0.04275991506030520084 0.05846833560256547990 0.00817704432458871144 0.19423845314324469924 0.01345414594220484782 0.04013510656893466699 0.00648358827756133089 0.04766521979021257766 0.00967033850025284837 0.05181368699872380273 0.00320847468598422494
0	0.21627109993547069533 0.14041781505560263499 0.00275288376083173813 0.04650899527378077325 0.07641252396512611400 0.17712051977768419886 0.02919156078993944900 0.07880216318847345358 0.02361423297028227702 0.02457703463505854849 0.01305369792646427635 0.01438760149862152241 0.01715724896227983215 0.00734172349587996174 0.01911895761693722592 0.01877111136761207624 0.01844733218346032363 0.00287293348683126349 0.03574665025062275653 0.00977214631343973142 0.00202653560365337760 0.01124493217121841360 0.00559618867354802919 0.00706290148946507428 0.00173120960771593990
2	0.00000024818916085929 0.00003348752317269854 0.99771069814138568788 0.00020066263449856263 0.00006349753163411948 0.00030878405057183995 0.00012012166210079263 0.00006094894787804609 0.00006186945278507075 0.00010572996226436634 0.00012515202032375373 0.00005648094348648566 0.00014959642157725915 0.00010590231420377998 0.00013461185467500644 0.00009272165694369064 0.00001852455378513526 0.00033663567607498457 0.00006899043644135775 0.00003563986861638362 0.00001833663495118284 0.00008933955453734506 0.00003690728834589195 0.00005092737742863362 0.00001418530315767796
8	0.00000001111068314526 0.16071065259555319948 0.01272384215414110523 0.03130064650204564952 0.06028690344113964844 0.07224003441108835244 0.05323268059289824189 0.04168784637332134668 0.21112409974945905988 0.03699343942585400086 0.01952623859186621361 0.10842323745956283787 0.02311438929754112623 0.03658815972296493996 0.01977147160546915625 0.01713513496330821423 0.00256605396731264751 0.02810996354675278711 0.01607563036145414140 0.01042707853004434630 0.00359547297931180846 0.01280002917728773754 0.01175008641676548483 0.00728788029543989743 0.00252901672874092636
4	0.00890358561870483421 0.04461378990929139310 0.02738586256335107452 0.09044822416273719246 0.10755654575175242760 0.07788593720622701000 0.03792253460642640989 0.10265306035786359029 0.07707326149962676065 0.04324320555990150694 0.02507789148925630013 0.03637515640836852526 0.05900201603267712230 0.03533000230269704722 0.03354277197184842019 0.03372312303179508114 0.00602545691959174845 0.05480707942283346429 0.01732021177404502801 0.01859398414728202775 0.00581009319206250794 0.02512896035310336479 0.01178336746890596386 0.01519431960569908938 0.00459955864395255112
1	0.00092889144703549667 0.09965939396763923153 0.05794526027578202065 0.04803280160281250127 0.05638457710416064361 0.04294514350422243970 0.07587744255833255014 0.02132396133692223555 0.03440249195090580581 0.06332293907952618595 0.08518254804166447425 0.02394648338907115481 0.07784460247963258250 0.01905304460973340774 0.05465965246789347004 0.05557281620476368228 0.00732617210162139505 0.06626360456020241596 0.01608078807344660160 0.01580807399646448619 0.00709807718351658859 0.03283986967511644262 0.01637899357704707473 0.01625921891628369018 0.00486315189620572120
1	0.06430344742691375404 0.11244544638584902385 0.00079899327405851428 0.06758524579676361554 0.04962768662569069095 0.09240583697493567894 0.08691043213102035703 0.06072688414543384733 0.00864275994346959744 0.01902636891085641643 0.03396127870616184180 0.02728678603995625396 0.02176380752482637640 0.01254535418588759860 0.04592542250879234206 0.05639708676073076909 0.01672027474702318661 0.00048811712794638953 0.02076690332355001986 0.10429468594324994846 0.00314534895881616976 0.02745258549502265638 0.00627169809896832922 0.05954078397008263912 0.00096676499399371140
17	0.00006113827332408079 0.01308576978612876508 0.01806864430764318005 0.03107211001706414177 0.06473923539785872427 0.08166239841249527120 0.02370597645883979268 0.01758938671989639102 0.01896097561384234645 0.11231487050464714073 0.02858587696231185832 0.02825619534697279209 0.12383807786617165303 0.02785267890434393531 0.03395344125924059514 0.04969258899557383452 0.00589333087173527989 0.23513115488353378280 0.01416537798194415082 0.01109484750413798453 0.00589212495866420737 0.02647302939852075321 0.00805498919187769974 0.01589903619836854909 0.00395674418486346123
3	0.00048530119383578466 0.04106775708734711205 0.04988830680932791750 0.10378830092445534561 0.07226288705178104954 0.06226759346014786728 0.05184484846122494606 0.02867642943054643859 0.02024576880407615714 0.09879066512694252566 0.06645589476448239552 0.02497965702934924065 0.05201765203165615442 0.02861672592133707865 0.04870280701675855362 0.05513977878628275459 0.00902006249495343644 0.01845780851536344552 0.01443960955668767768 0.04290169037611854530 0.00648809982763117951 0.05030211245565872902 0.00939026453313338699 0.04048036459948306520 0.00328961374141937407
12	0.00009749388377137803 0.00693548222808852005 0.09005917710936552079 0.03441669797797514835 0.09189602821720858905 0.02978114216747859352 0.06343396983662563660 0.01884254435571219161 0.01411063709877836969 0.05889932287303448893 0.06394630916743369864 0.01016892166608811959 0.29063306626745988304 0.02133350718995638898 0.04093444058391987328 0.02245221761996948548 0.00445603974774037501 0.03891913229737904018 0.01180932797167251816 0.00876201410711889388 0.00454754846566232315 0.05276891381888498822 0.00693113594782815770 0.01047312059102075039 0.00339180880982526680
11	0.00000004216774826336 0.05403524745119548528 0.01511827682216578331 0.07641074184274705694 0.09339949054675922291 0.07804615094224631733 0.04967204011086268772 0.03846783850562827956 0.07512874488829711372 0.06876992639243433014 0.02605247647804216291 0.13117936668157029190 0.02219889345576861461 0.04258438157790804535 0.02277058093991462737 0.02998036553836489967 0.00387320830793124208 0.08762739373444002056 0.02087474966090372558 0.00891822095225281233 0.00594915688459343381 0.01812654775896934550 0.01496170792720018412 0.01263373417539605768 0.00322071625665731019
3	0.02764721953508144162 0.12894344787135175734 0.00349294983463399556 0.13573591963763681489 0.08267064805663186522 0.09787226945724213090 0.05012585625399953310 0.05450367868525286819 0.04907539710686572437 0.04606884294566877813 0.02029506351618259180 0.02791310846637630114 0.01717697238046417274 0.01543964297061524785 0.07274639849499926758 0.02924930791685562484 0.01854568744012108708 0.00572674020502004361 0.05156978965690060118 0.02313797314728393076 0.00438214477315506702 0.01646968540331434500 0.01011209743253044940 0.00887745956756819284 0.00222169924424809196
3	0.00000001712320576725 0.11905763930528248662 0.01616475045391792958 0.12656653590028102419 0.09818914767792986942 0.06438619071125963045 0.04085425854816848723 0.04202911624257162082 0.06566103813448787019 0.06763010186056239714 0.01902051324295992232 0.12058286899744843912 0.00998575460131192506 0.03228990559790047982 0.02927246395830152004 0.01672422300513398338 0.00231509869302167024 0.05844277651009797958 0.01511531145658151845 0.01074617370136172340 0.00444647137895641531 0.01335538153200969795 0.01523130922815695877 0.00958966340945400543 0.00234328872963302046
0	0.11062857351484850499 0.07331574716348483733 0.00391053114985775475 0.10842266970069089349 0.06643401668999827925 0.10723927397229955638 0.06455477018093737362 0.05590300008860417391 0.03987366995763146765 0.03158734536906485785 0.02208118618215891907 0.01579304854903879757 0.05701101979315542634 0.01272070366793110613 0.04436497563608485933 0.04772373009190856302 0.01868826622982244084 0.00967591920036830512 0.04609378267388671707 0.01608943791975075976 0.00435047768906054663 0.02119893747479220311 0.00867755685083868196 0.01090115440970456859 0.00276020584408078699
8	0.00000000374852104262 0.08821147690765344940 0.01143573823726932136 0.04051023984944212425 0.06006181553239952481 0.05214900117445025324 0.03103974853196852027 0.03222127637975073788 0.49130323693592203860 0.03079540452906654943 0.01400568568695065991 0.01822849352548503582 0.02075284883973444253 0.01847711696317854910 0.01486947953366822735 0.01155901013869443765 0.00142137378908567340 0.02357455578977917313 0.00981552932806577585 0.00558750708877674227 0.00278802005221500272 0.00668618905140149020 0.00817454084687579095 0.00475902353216480032 0.00157268400747868583
9	0.00004530465640971291 0.01768104764042900678 0.14913359825981639672 0.02528107378419254883 0.01766181802282964022 0.03173520914127024584 0.03366176785231138335 0.02535328936751051962 0.01804840526458198133 0.19619400204473247395 0.02858512590968922962 0.01467385679099200355 0.05570941837818840087 0.03338506525853007778 0.03083430282012864995 0.06099049683522229925 0.00501982040524525611 0.16954834958721257121 0.01193613238749733491 0.01427319274323358630 0.00471782695776770938 0.02859299367214624202 0.00685022726427607972 0.01572867786716575234 0.00435899708862293699
17	0.00002458708428031830 0.00281163018528102692 0.00178856908631624934 0.00722255163070548416 0.01401628625087926287 0.01436608137924090534 0.03096720693829279475 0.00626769159372324216 0.00431189123623271393 0.02976960245031726182 0.01128717164166276495 0.00730112839580279900 0.05423914504787219482 0.01058269759493473891 0.01007306248191841037 0.01789424841221076701 0.00185599507691468300 0.74543698144905146119 0.00445818499372318319 0.00337689010824916485 0.00199241160637296175 0.00843422976672284636 0.00278246082981372777 0.00741577067350973965 0.00132352408597100372
10	0.00034155798546425077 0.04516953612173228022 0.04276378872021734112 0.07338994171862721350 0.05489786670940354635 0.06039189814271608836 0.06326982633888880714 0.03521640494360465945 0.02540871546653069440 0.05967709448067472916 0.07987055056289404931 0.02997309484075236577 0.06054220633584991157 0.02655406464088315432 0.06076783246195938820 0.06538340066252126825 0.00966146190777442126 0.02281469717838035746 0.01576109154036441085 0.04870051119856509680 0.00715760990840067467 0.05429659000016655301 0.01040242794288549592 0.04398767068256899393 0.00360015950817440091
11	0.00000000306274789327 0.03196145545747110239 0.00198889439597985454 0.01938819712490540831 0.07658370456834395767 0.05635825329783722415 0.01714679162855782188 0.02031792867031961131 0.05536405375685047453 0.08328146093304375497 0.01011254407806439805 0.20413209369944565474 0.03359599552152056634 0.09076984845875028796 0.01931209402123696545 0.02887523621683401806 0.00216454585301813739 0.17674176327173207746 0.02376749435996478033 0.00519010992592120954 0.00409464190985627668 0.01160212366210135529 0.01062298738290423476 0.01438151266601224096 0.00224626607658396076
8	0.00000000693902336731 0.10201229045789345085 0.01997500298290958223 0.05287345009281561176 0.04909610712685475581 0.05018706365746802150 0.03481969923355506674 0.02851799169518588403 0.37917438592218982718 0.05317875934143607292 0.01636359500010181947 0.03874089149565659862 0.01672479259692473061 0.02937301017466399308 0.02160265066257660918 0.02145834979396138084 0.00214440455520739908 0.03681804948886134576 0.00964280287470850421 0.00462861546835391120 0.00395536186946759006 0.00964997933641816887 0.00958047276747806507 0.00727694318059751363 0.00220532328569523345
3	0.00085055078460793444 0.05163779774902488989 0.09338782671792823786 0.13440155731949740558 0.11219976884248530902 0.05091600417671569845 0.03624633530011588806 0.03403749970358944249 0.03581992022386620844 0.08361002654819060798 0.05941762031777301362 0.01941483851480907755 0.04703525681527344349 0.01777125471347959507 0.04076020562740845232 0.03015487523630410241 0.01139689188024784784 0.04778053128980182251 0.01392723772564736714 0.01564198550615523292 0.00523535982605801906 0.03022917245146823292 0.00985394506776559806 0.01371606925432755641 0.00455746840745969127
17	0.00026481614751706667 0.03837385524762428057 0.07314826758266809725 0.06535419059352262638 0.05167321309590251072 0.05346056357692335198 0.03678370512931388586 0.03001446464668895003 0.05055001153057023244 0.05576575641676673883 0.05700138664020521634 0.01784023739995094920 0.07416042006369655271 0.02450922950319106910 0.05215093451742462000 0.04073564406567455054 0.00841523614666909829 0.16084057001581453239 0.01722966322234520745 0.01532893000845904352 0.00727259972611498263 0.03738381042281339189 0.01055428935845111223 0.01611706621416464022 0.00507113872752830430
9	0.00080195154292003409 0.07657009186592836358 0.05191424984416589949 0.06327886733204932113 0.04923769602015044822 0.04081213958572650624 0.03990118025503577165 0.04091876371431567988 0.04675327650344346386 0.08642927624791006680 0.04843809037016508223 0.01763066140072175672 0.06858441448533106333 0.02689794655153966013 0.07416420889147991302 0.05892234708417348754 0.00791321123339942117 0.07539061579218131470 0.01682043535736087517 0.01667465194532547976 0.00899108157338036028 0.04737629044024508490 0.01013339506864596555 0.02018542474967609593 0.00525973214472867309
3	0.00000006332259564865 0.05197255701418797974 0.03699435368252795148 0.14683693557813945474 0.07316619817018125971 0.05641682170424359294 0.04162293231661148146 0.05703974338107137276 0.07747905299655342970 0.06350066773380838581 0.04234847497432110697 0.08820427658589963249 0.02297298978006267686 0.03412917743371612217 0.02616340884679048406 0.02916049472994747954 0.00346979363971896670 0.06393764353839231918 0.01978788830483263483 0.00894326975987376482 0.00602248096822018998 0.01966719122914017612 0.01461547218144323805 0.01229250962505621693 0.00325560250266380578
12	0.07137866959497643493 0.12996880656672901710 0.00621677136631770214 0.08182523234914100552 0.06734720550401304684 0.06497606553444373878 0.04692837364778364162 0.06095082555433663229 0.03281397165712466452 0.02857210194269284298 0.02083583618069374463 0.01728556719100472761 0.13904913978897998073 0.01475999344380539771 0.04840048183367481882 0.03726183300854417346 0.01510095530907450481 0.01011162201395031032 0.04031037576347437645 0.01522135880964142068 0.00408901472179432762 0.02254626439834906196 0.00918729113365647672 0.01209722543279671825 0.00276501725300078247
11	0.00000001782950924923 0.08150883932309373192 0.02012434415483487990 0.05428350760655730606 0.08302312659859212296 0.07927352988183444804 0.04949132505596379877 0.03336046623931022970 0.11443203262178691659 0.08041854708645962413 0.02736708462203786899 0.13166943361071492546 0.01600417060905836783 0.03267755499426766574 0.01664245951553014469 0.02702112532709487203 0.00309343417915791371 0.07572104766081731719 0.01556267360833188743 0.00718509018177287354 0.00523921394712270963 0.01837871349292472326 0.01393116191002402755 0.01071706787038834499 0.00287403207280443902
1	0.06013505648309898366 0.20858241823629838918 0.00450443023474149645 0.03194630539784741596 0.08145854492581496020 0.10148753137638875932 0.04488873763024455593 0.07908394332620061196 0.03343692088264631906 0.02311526148071681164 0.01549902206063738692 0.01866294523762369179 0.08010511669762938880 0.01232819779590623235 0.03321051817479841323 0.03128428923600730382 0.01449137621793327065 0.00860741171985324183 0.06136365904145164862 0.01289107555367453341 0.00362327893252745777 0.01748771554010695312 0.00717657759822682220 0.01205321235955985996 0.00257645386006555028
15	0.00069382287934020132 0.07299457242560926373 0.01012905998342024730 0.05566618672346863167 0.05348046777640629718 0.04585356915426535424 0.04457817601391245166 0.03589971560498059211 0.03191145316160280687 0.04551873417030359581 0.05372581118502121889 0.05185757511719391727 0.04863069636201312884 0.02101849104899075962 0.06029644867351480891 0.25599442928324889213 0.00484151329888719926 0.02558197603549602211 0.01177880784654829552 0.01734050984874831516 0.00497308056510759738 0.02538277027741149550 0.00699323363149189411 0.01025179881258487212 0.00460710012043355575
17	0.00002386794054623176 0.00378398821101767844 0.10281989234283489543 0.02399780219123897121 0.01179779953684986435 0.03554115756653899311 0.02161186923773279756 0.03595251130444553078 0.01408033725705493643 0.06663718978998776910 0.02302202078062924942 0.02939933349389455691 0.04058989353950324258 0.02925846044824839676 0.02009772422478594764 0.02892152202068249897 0.00406338908952383511 0.44492589653741621003 0.01039142873668486705 0.00750359993456045388 0.00381044623844412501 0.01911162696597978189 0.00733091570804843360 0.01192039236120609469 0.00340693454214353528
1	0.00006555856232331911 0.35686685889533670268 0.01555146089608279263 0.02772103638791860447 0.04446989069590289584 0.05742961286945179322 0.04102181427510371431 0.03401567083405526715 0.03203130917541605061 0.02065722321492514252 0.05474470759666137665 0.01108932172450421104 0.03590625974244968099 0.01348125689028076453 0.10548061799819882789 0.02411842963406326396 0.00493035766548628220 0.02605461722161834734 0.02128296126196006430 0.01689831907892761984 0.00544421829622100412 0.02962448083392981921 0.00646443845833181985 0.01047190705916558641 0.00417767073168454680
